0	0.0
1	0.0
3	0.0
4	6.6
5	0.0
6	0.0
7	0.0
8	0.0
10	0.0
11	0.0
12	0.0
13	0.0
14	0.0
15	0.0
17	0.0
18	0.0
19	26.5
20	0.0
21	0.0
22	0.0
24	0.0
25	0.0
26	0.0
27	0.0
28	0.0
29	0.0
31	0.0
32	0.0
33	0.0
34	0.0
35	0.0
36	6.6
38	0.0
39	0.0
40	6.6
41	6.6
42	0.0
43	0.0
45	0.0
46	0.0
47	0.0
48	0.0
49	0.0
50	0.0
52	0.0
53	0.0
54	0.0
55	6.6
56	0.0
57	0.0
59	0.0
60	0.0
61	0.0
62	0.0
63	0.0
64	0.0
66	0.0
67	0.0
68	0.0
69	0.0
70	0.0
72	0.0
73	0.0
74	0.0
75	0.0
76	0.0
77	0.0
79	0.0
80	0.0
81	6.6
82	6.6
83	0.0
84	0.0
86	0.0
87	6.6
88	0.0
89	0.0
90	0.0
91	0.0
93	0.0
94	0.0
95	6.6
96	0.0
97	0.0
98	0.0
100	0.0
101	0.0
102	0.0
103	0.0
104	0.0
105	0.0
107	6.6
108	0.0
109	0.0
110	6.6
111	0.0
112	0.0
114	0.0
115	6.6
116	6.6
117	0.0
118	0.0
119	0.0
121	0.0
122	0.0
123	6.6
124	0.0
125	0.0
126	0.0
128	0.0
129	0.0
130	0.0
131	0.0
132	0.0
133	0.0
135	0.0
136	0.0
137	6.6
138	0.0
139	0.0
141	0.0
142	0.0
143	0.0
144	0.0
145	0.0
146	0.0
148	0.0
149	0.0
150	0.0
151	0.0
152	0.0
153	0.0
155	6.6
156	0.0
157	0.0
158	0.0
159	0.0
160	0.0
162	0.0
163	0.0
164	6.6
165	0.0
166	0.0
167	0.0
169	0.0
170	0.0
171	13.3
172	0.0
173	0.0
174	0.0
176	0.0
177	0.0
178	6.6
179	0.0
180	0.0
181	0.0
183	0.0
184	0.0
185	0.0
186	0.0
187	0.0
188	0.0
190	0.0
191	0.0
192	13.3
193	0.0
194	0.0
195	0.0
197	0.0
198	0.0
199	6.6
200	0.0
201	0.0
203	0.0
204	0.0
205	0.0
206	0.0
207	0.0
208	0.0
210	0.0
211	0.0
212	0.0
213	0.0
214	0.0
215	0.0
217	0.0
218	0.0
219	6.6
220	0.0
221	0.0
222	6.6
224	0.0
225	0.0
226	0.0
227	0.0
228	0.0
229	0.0
231	0.0
232	0.0
233	6.6
234	13.3
235	19.9
236	19.9
238	26.5
239	305.0
240	357.2
241	341.3
242	297.2
243	291.5
245	278.3
246	300.8
247	356.9
248	364.0
249	357.1
251	301.0
252	324.1
253	363.9
254	344.1
255	244.8
257	363.8
258	330.5
259	304.4
260	324.1
261	290.6
262	317.1
264	39.8
265	284.6
266	291.3
267	291.3
268	310.9
270	264.8
271	344.1
272	264.0
273	291.3
274	310.9
275	297.7
277	304.4
278	263.4
279	345.9
280	284.5
281	237.4
283	211.7
284	297.7
285	284.8
286	297.0
287	13.3
289	277.1
290	238.6
291	205.6
292	350.7
293	337.4
294	291.6
296	332.4
297	343.2
298	132.5
299	310.6
300	328.9
302	323.1
303	344.4
304	337.3
305	336.7
306	337.9
308	330.9
309	264.8
310	314.6
311	350.3
312	400.0
313	304.3
315	348.2
316	284.4
317	311.5
318	39.8
319	291.3
321	296.2
322	331.0
323	317.2
324	300.6
325	337.5
326	332.2
328	311.2
329	340.3
330	139.2
331	33.1
332	317.6
334	291.2
335	312.5
336	331.1
337	322.9
338	350.8
339	205.1
341	297.9
342	269.2
343	330.8
344	337.4
345	344.1
347	309.8
348	304.8
349	363.8
350	337.6
351	304.8
352	357.4
354	397.1
355	329.8
356	238.2
357	337.2
358	297.9
360	297.5
361	358.0
362	304.6
363	284.2
364	317.5
365	310.1
367	231.9
368	343.6
369	317.6
370	331.0
371	349.6
373	257.4
374	225.0
375	322.4
376	317.0
377	390.3
378	311.1
380	33.1
381	288.6
382	324.2
383	331.5
384	256.5
386	33.1
387	6.6
388	119.4
389	320.7
390	324.2
391	317.7
393	311.3
394	277.9
395	105.1
396	343.3
397	331.4
399	330.7
400	363.8
401	337.6
402	291.2
403	317.6
404	297.5
406	304.4
407	59.4
408	334.8
409	370.5
410	337.8
412	354.1
413	297.7
414	278.4
415	344.0
416	316.4
418	191.6
419	337.6
420	350.0
421	19.9
422	355.4
423	284.6
425	317.5
426	59.6
427	271.3
428	357.6
429	179.1
431	304.1
432	323.5
433	340.7
434	205.3
435	331.0
436	309.6
438	13.3
439	317.1
440	258.1
441	383.9
442	343.7
444	297.9
445	317.5
446	323.5
447	330.8
448	277.9
449	337.5
451	363.8
452	324.2
453	336.5
454	336.1
455	218.8
457	297.7
458	324.0
459	266.7
460	383.7
461	39.8
462	13.3
464	13.3
465	13.3
466	13.3
467	19.9
468	13.3
469	316.8
471	349.8
472	218.4
473	311.0
474	330.9
475	331.5
477	297.8
478	337.5
479	258.1
480	337.0
481	324.3
482	331.2
484	370.5
485	311.4
486	330.8
487	357.3
488	324.2
490	72.8
491	277.7
492	324.2
493	349.3
494	324.4
496	357.4
497	348.8
498	350.6
499	344.6
500	322.3
501	286.3
503	298.0
504	315.9
505	356.3
506	390.6
507	390.9
509	390.7
510	384.0
511	384.1
512	330.8
513	330.9
514	343.8
516	313.7
517	291.1
518	289.6
519	225.4
520	344.1
522	397.0
523	185.3
524	304.3
525	350.8
526	329.6
527	317.6
529	324.3
530	212.2
531	59.7
532	19.9
533	19.9
535	6.6
536	19.9
537	297.5
538	268.5
539	291.3
540	330.8
542	337.3
543	297.6
544	342.6
545	13.3
546	337.6
548	309.7
549	324.3
550	311.1
551	337.5
552	344.0
553	338.5
555	336.6
556	317.5
557	317.6
558	343.5
559	344.1
561	316.9
562	350.9
563	324.1
564	297.7
565	304.4
566	337.9
568	331.2
569	337.6
570	331.3
571	337.1
572	324.6
574	324.1
575	309.3
576	304.4
577	343.6
578	324.9
579	336.7
581	338.0
582	344.6
583	311.1
584	321.9
585	296.8
587	303.3
588	344.1
589	334.6
590	344.6
591	350.7
592	357.3
594	311.0
595	0.0
596	343.3
597	316.7
598	332.6
600	344.3
601	331.5
602	331.0
603	291.0
604	337.8
605	344.1
607	337.6
608	277.8
609	387.1
610	13.2
611	330.8
613	331.0
614	282.5
615	291.1
616	330.9
617	324.6
618	311.3
620	350.7
621	310.2
622	350.7
623	330.8
624	344.0
626	324.8
627	304.5
628	344.1
629	291.1
630	334.0
631	340.5
633	344.1
634	351.1
635	356.7
636	337.5
637	291.6
639	317.0
640	297.9
641	344.1
642	322.9
643	344.1
644	343.0
646	317.6
647	324.3
648	337.4
649	311.2
650	303.5
652	295.9
653	356.6
654	357.2
655	311.1
656	331.0
657	302.6
659	324.2
660	350.6
661	310.1
662	284.5
663	337.5
665	311.0
666	337.4
667	337.2
668	329.9
669	297.8
670	337.5
672	297.2
673	284.6
674	330.8
675	344.2
676	350.6
678	344.0
679	324.4
680	310.1
681	297.7
682	283.8
683	361.0
685	329.3
686	343.5
687	323.8
688	343.0
689	344.0
691	343.8
692	304.3
693	297.4
694	278.1
695	355.3
696	350.7
698	351.1
699	337.8
700	397.1
701	307.5
702	350.7
704	317.6
705	304.2
706	297.7
707	335.9
708	337.7
709	316.0
711	350.8
712	344.4
713	344.3
714	323.9
715	0.0
717	355.0
718	303.9
719	309.0
720	344.1
721	351.1
723	343.9
724	330.8
725	310.9
726	338.2
727	349.5
728	342.8
730	277.8
731	335.3
732	343.5
733	397.1
734	390.9
736	331.3
737	364.8
738	383.9
739	400.0
740	344.0
741	350.8
743	349.1
744	299.2
745	310.4
746	336.5
747	304.3
749	326.8
750	344.2
751	331.2
752	331.2
753	297.5
755	340.2
756	354.5
757	337.5
758	302.5
759	304.4
760	344.2
762	355.2
763	311.0
764	350.7
765	336.4
766	337.8
768	310.5
769	297.1
770	344.0
771	337.2
772	331.5
773	350.7
775	337.5
776	344.3
777	351.3
778	343.7
779	297.7
781	258.0
782	350.6
783	330.9
784	350.7
785	361.1
786	330.9
788	344.3
789	343.0
790	324.5
791	343.7
792	288.7
794	284.4
795	344.2
796	350.6
797	350.6
798	337.6
799	317.8
801	324.2
802	337.5
803	295.9
804	337.4
805	303.9
807	349.6
808	362.4
809	330.8
810	354.8
811	337.6
813	356.0
814	304.3
815	340.4
816	304.7
817	284.6
818	351.0
820	334.0
821	350.8
822	330.8
823	336.6
824	290.0
826	329.6
827	13.2
828	324.2
829	303.8
830	337.7
831	350.6
833	350.8
834	357.9
835	311.0
836	276.9
837	344.1
839	344.3
840	343.6
841	311.0
842	347.0
843	344.0
844	350.7
846	351.0
847	303.8
848	357.3
849	357.2
850	357.3
852	322.9
853	310.9
854	347.6
855	323.6
856	350.7
857	297.8
859	330.2
860	342.8
861	357.7
862	357.2
863	295.3
865	302.0
866	350.8
867	335.7
868	0.0
869	356.4
870	350.7
872	330.6
873	310.8
874	336.6
875	311.0
876	344.2
878	303.4
879	310.5
880	330.7
881	351.0
882	317.2
884	357.2
885	351.1
886	337.3
887	297.9
888	330.9
889	317.5
891	297.7
892	342.5
893	337.4
894	364.0
895	344.0
897	344.0
898	331.2
899	308.9
900	231.8
901	329.2
902	350.8
904	330.8
905	400.0
906	390.9
907	377.6
908	397.4
910	364.4
911	370.7
912	310.9
913	331.0
914	301.1
915	311.2
917	337.8
918	335.9
919	330.1
920	344.7
921	324.1
923	297.7
924	344.4
925	350.6
926	303.8
927	39.8
928	317.6
930	343.9
931	397.2
932	344.2
933	303.6
934	310.1
936	338.1
937	311.2
938	350.8
939	350.4
940	350.5
941	350.7
943	330.9
944	311.2
945	323.8
946	278.1
947	350.8
949	330.8
950	336.5
951	337.4
952	350.7
953	350.8
954	302.2
956	283.3
957	311.5
958	297.8
959	350.9
960	349.3
962	317.6
963	350.8
964	337.4
965	317.6
966	297.9
967	324.2
969	363.9
970	309.9
971	329.8
972	349.8
973	284.5
975	358.1
976	342.3
977	292.4
978	324.2
979	350.7
981	324.0
982	26.5
983	0.0
984	0.0
985	0.0
986	0.0
988	304.3
989	337.5
990	344.7
991	165.8
992	284.1
993	337.7
995	351.2
996	336.3
997	277.9
998	337.5
999	337.4
1001	291.3
1002	317.6
1003	337.5
1004	291.0
1005	357.2
1007	350.2
1008	304.3
1009	344.0
1010	323.0
1011	342.4
1012	349.7
1014	324.5
1015	336.0
1016	310.7
1017	357.2
1018	297.9
1020	304.5
1021	336.2
1022	344.0
1023	343.1
1024	351.4
1025	344.1
1027	322.3
1028	305.2
1029	283.7
1030	311.0
1031	338.1
1033	337.7
1034	357.3
1035	344.0
1036	324.1
1037	345.1
1038	309.8
1040	330.9
1041	291.1
1042	276.7
1043	337.0
1044	350.9
1046	350.7
1047	323.7
1048	304.8
1049	317.8
1050	345.9
1051	324.4
1053	284.8
1054	304.9
1055	342.0
1056	343.9
1057	329.6
1059	343.3
1060	331.0
1061	297.9
1062	297.7
1063	310.9
1064	330.9
1066	284.5
1067	317.5
1068	336.4
1069	350.7
1070	344.1
1072	337.5
1073	350.9
1074	270.5
1075	356.6
1076	304.0
1077	329.7
1079	350.7
1080	361.6
1081	337.5
1082	343.2
1083	337.5
1085	264.8
1086	330.7
1087	337.7
1088	311.3
1089	357.7
1090	344.1
1092	331.0
1093	72.6
1094	310.5
1095	271.3
1096	335.8
1098	400.0
1099	310.8
1100	337.4
1101	349.6
1102	344.2
1104	324.9
1105	308.5
1106	165.6
1107	302.1
1108	350.7
1109	337.6
1111	311.0
1112	323.3
1113	323.2
1114	357.4
1115	350.8
1116	297.5
1118	336.4
1119	351.0
1120	350.7
1121	337.0
1122	291.3
1124	324.3
1125	357.5
1126	350.9
1127	290.3
1128	350.1
1130	337.5
1131	311.0
1132	350.6
1133	304.4
1134	302.7
1135	351.1
1137	344.1
1138	291.4
1139	337.3
1140	289.2
1141	344.1
1142	350.7
1144	324.5
1145	305.0
1146	363.1
1147	344.2
1148	270.1
1150	331.2
1151	336.9
1152	324.8
1153	349.2
1154	349.4
1155	303.4
1157	331.0
1158	330.8
1159	290.9
1160	323.4
1161	85.6
1163	317.8
1164	337.4
1165	344.0
1166	349.3
1167	278.1
1169	323.9
1170	290.2
1171	386.8
1172	336.2
1173	350.8
1174	349.5
1176	348.6
1177	304.7
1178	331.0
1179	344.1
1180	309.9
1182	323.5
1183	337.4
1184	336.0
1185	317.7
1186	257.8
1187	337.6
1189	323.0
1190	334.1
1191	284.5
1192	317.8
1193	350.6
1195	317.6
1196	349.8
1197	350.8
1198	297.8
1199	329.9
1200	337.9
1202	278.2
1203	303.5
1204	317.9
1205	350.6
1206	343.8
1207	342.7
1209	344.1
1210	350.8
1211	317.6
1212	309.2
1213	224.5
1215	330.8
1216	330.7
1217	355.4
1218	400.0
1219	350.8
1220	337.6
1222	311.1
1223	258.4
1224	297.3
1225	350.9
1226	357.2
1228	342.9
1229	344.2
1230	336.7
1231	324.7
1232	357.2
1233	350.8
1235	350.8
1236	263.9
1237	330.2
1238	357.3
1239	350.6
1241	367.5
1242	337.2
1243	350.9
1244	349.4
1245	344.6
1247	310.9
1248	255.9
1249	315.9
1250	337.6
1251	350.6
1252	350.7
1254	351.1
1255	357.8
1256	330.8
1257	349.8
1258	251.7
1260	310.5
1261	296.3
1262	343.3
1263	390.6
1264	350.7
1265	349.2
1267	350.6
1268	310.9
1269	288.8
1270	350.9
1271	311.0
1273	330.7
1274	356.7
1275	337.5
1276	342.8
1277	310.8
1279	348.8
1280	284.2
1281	335.4
1282	337.4
1283	291.3
1284	323.3
1286	360.8
1287	390.7
1288	384.4
1289	390.8
1290	344.4
1292	371.0
1293	399.7
1294	400.0
1295	317.0
1296	340.8
1297	324.2
1299	324.2
1300	310.8
1301	357.3
1302	284.1
1303	311.0
1305	302.8
1306	324.2
1307	344.1
1308	349.5
1309	350.7
1310	350.5
1312	264.6
1313	304.4
1314	323.4
1315	336.2
1316	364.1
1318	335.2
1319	324.2
1320	350.1
1321	324.4
1322	0.0
1323	0.0
1325	13.3
1326	0.0
1327	350.6
1328	350.8
1329	330.9
1331	344.1
1332	336.9
1333	323.7
1334	330.9
1335	284.4
1336	258.0
1338	304.3
1339	322.5
1340	323.9
1341	336.9
1342	343.0
1344	336.2
1345	344.1
1346	278.0
1347	303.4
1348	311.0
1349	336.7
1351	318.1
1352	330.3
1353	330.7
1354	311.0
1355	297.7
1357	277.9
1358	323.2
1359	283.5
1360	291.1
1361	304.4
1362	324.2
1364	297.8
1365	278.3
1366	304.3
1367	264.1
1368	251.5
1370	264.2
1371	257.8
1372	250.6
1373	271.7
1374	251.7
1375	257.8
1377	264.6
1378	211.8
1379	218.4
1380	198.5
1381	205.1
1383	205.1
1384	198.2
1385	192.0
1386	145.7
1387	152.5
1388	139.0
1390	151.8
1391	139.1
1392	125.4
1393	72.9
1394	72.9
1395	79.4
1397	79.5
1398	66.3
1399	86.1
1400	79.5
1401	72.7
1403	72.9
1404	66.3
1405	79.4
1406	72.9
1407	72.9
1408	72.9
1410	72.8
1411	125.8
1412	79.3
1413	66.2
1414	59.6
1415	59.7
1417	72.7
1418	72.9
1419	79.5
1420	79.4
1421	79.4
1422	59.6
1424	59.6
1425	79.6
1426	66.2
1427	72.9
1428	66.2
1430	66.2
1431	72.9
1432	72.9
1433	79.5
1434	59.6
1435	59.6
1437	59.6
1438	91.5
1439	59.7
1440	72.9
1441	52.9
1442	66.3
1444	86.1
1445	59.7
1446	53.0
1447	53.0
1448	46.4
1450	59.7
1451	59.6
1452	33.1
1453	26.5
1454	26.5
1455	19.9
1457	13.3
1458	6.6
1459	33.2
1460	13.3
1461	13.3
1462	13.3
1464	13.3
1465	13.3
1466	6.6
1467	6.6
1468	13.3
1469	13.3
1471	6.6
1472	0.0
1473	0.0
1474	0.0
1475	0.0
1476	6.6
1478	6.6
1479	0.0
1480	0.0
1481	0.0
1482	0.0
1483	0.0
1485	0.0
1486	0.0
1487	0.0
1488	0.0
1489	0.0
1491	0.0
1492	0.0
1493	6.6
1494	0.0
1495	0.0
1496	0.0
1498	0.0
1499	0.0
1500	0.0
1501	0.0
1502	0.0
1503	0.0
1505	0.0
1506	0.0
1507	0.0
1508	6.6
1509	0.0
1510	0.0
1512	0.0
1513	0.0
1514	0.0
1515	0.0
1516	0.0
1517	0.0
1519	6.6
1520	0.0
1521	0.0
1522	0.0
1523	0.0
1524	0.0
1526	6.6
1527	6.6
1528	0.0
1529	0.0
1530	0.0
1532	0.0
1533	0.0
1534	0.0
1535	0.0
1536	0.0
1537	0.0
1539	6.6
1540	0.0
1541	0.0
1542	6.6
1543	0.0
1544	0.0
1546	0.0
1547	0.0
1548	0.0
1549	0.0
1550	6.6
1551	0.0
1553	0.0
1554	0.0
1555	0.0
1556	0.0
1557	0.0
1558	0.0
1560	6.6
1561	0.0
1562	0.0
1563	0.0
1564	0.0
1565	0.0
1567	6.6
1568	0.0
1569	6.6
1570	6.6
1571	6.6
1572	0.0
1574	0.0
1575	0.0
1576	0.0
1577	0.0
