Time	openfire-nolog-2	openfire-nolog-4	openfire-nolog-8
0	0	0	0
1	0	0	0
2	0	0	0
3	0	0	0
4	0	0	0
6	0	0	0
7	0	0	0
8	0	0	0
9	0	0	0
10	0	0	0
11	0	0	0
12	0	0	0
13	0	0	0
14	0	0	0
15	0	0	0
16	0	0	0
18	0	0	0
19	0	0	0
20	0	0	0
22	0	0	0
24	0	0	0
26	0	0	0
27	0	0	0
29	0	0	0
30	0	0	0
31	0	0	0
33	0	0	0
35	0	0	0
37	0	0	0
38	0	0	0
39	0	0	0
40	0	0	0
41	0	0	0
42	0	0	0
43	0	0	0
44	0	0	0
46	0	0	0
47	0	0	0
48	0	0	0
49	0	0	0
50	0	0	0
52	116.5	0	0
54	0	0	0
55	0	0	0
56	1312.5	0	0
58	2320	0	0
60	0	0	0
61	0	0	0
62	277.5	0	0
64	1131	0	0
65	13658	0	0
67	113.5	0	0
68	212	0	0
70	0	0	0
71	0	0	0
73	0	0	0
74	0	0	0
76	936	0	0
77	0	0	0
79	0	0	0
80	0	0	0
82	293	0	0
84	0	0	0
85	0	0	0
87	0	0	0
88	728280	0	0
90	0	0	0
91	859	0	0
93	0	0	0
94	0	0	0
96	1448	0	0
97	603	0	0
99	0	0	0
100	137270	0	0
102	1961	0	0
104	0	0	0
106	0	0	0
108	4405	0	0
109	363571	0	0
110	93	0	0
112	0	0	0
114	5929	13.25	0
116	7998	0	0
118	1148	286	0
119	4860871.5	122	0
121	27893	45.25	0
122	1341019.5	723	0
124	586	215.75	0
126	12221	817.5	0
127	724	640.5	0
129	2054	54.5	0
131	4344	155	0
133	8542702	0	0
135	1632268	0	0
136	293	0	0
137	0	0	0
139	0	0	0
140	0	5525.5	0
142	0	0	0
144	0	0	0
146	0	0	0
148	0	293	0
149	0	3878	0
151	0	13473.5	0
153	2172	0	0
155	0	0	0
158	0	91	0
159	0	146.5	0
161	109	0	0
163	0	0	0
165	0	58.5	0
166	0	0	0
167	0	0	0
169	0	0	0
170	0	0	0
172	0	0	0
175	0	15793.5	0
176	0	63	0
178	0	0	0
179	0	0	0
181	0	0	0
183	0	468	0
185	0	0	0
187	0	362	0
189	0	0	0
191	0	0	0
192	0	2977	0
194	0	362	0
196	0	0	0
198	0	290895	0
201	0	333879	0
202	84.5	0	0
204	1263.5	0	0
206	1936.5	241927	0
207	0	0	0
209	0	141	0
211	1612.5	5186	0
213	3279	0	0
214	3907	146.5	0
216	0	0	0
218	0	611.5	0
220	0	362	0
222	0	936	0
223	0	0	0
225	0	0	0
227	0	666151	0
229	0	22926.5	0
231	0	71724.5	0
232	0	618962.5	0
234	0	1766	0
235	0	0	0
237	0	574	0
239	0	14161	0
240	0	724	0
242	0	1086	0
244	0	936	0
246	0	362	0
247	0	0	0
249	1.5	6350	0
250	0	0	0
252	0	1335.5	0
254	0	0	0
255	0	0	0
257	0	0	0
258	0	0	0
260	0	0	0
262	0	3851.5	0
264	0	982	0
265	0	182570.5	0
266	0	274470	0
268	237	120.5	0
269	0	0	0
270	0	282.5	0
271	0	0	0
272	0	92606.5	0
273	0	12088.5	0
275	76	0	0
276	0	0	0
277	0	0	0
278	0	0	0
279	0	0	0
280	0	0	0
282	0	5232.5	0
284	0	27401.25	0
285	0	27402.25	0
287	500.5	0	0
289	0	0	0
291	0	0	0
293	0	0	0
294	0	0	0
295	0	0	0
296	0	0	0
297	0	0	0
298	0	0	0
300	76.5	0	0
301	0	0	0
303	0	0	0
304	0	0	0
305	0	0	0
306	0	0	0
307	162	0	0
309	0	0	0
310	0	0	0
311	0	0	0
313	0	0	0
314	0	0	0
316	348	0	0
318	0	0	0
320	9.5	0	0
322	0	0	0
323	0	0	0
324	0	0	0
325	0	0	0
327	0	0	0
328	0	0	0
330	0	0	0
331	594	0	0
332	0	0	0
334	992	0	0
335	0	0	0
336	0	0	0
337	0	0	0
339	0	0.25	0
341	0	1	0
343	304	0	0
344	1278	0	0
346	2575	0	0
347	3057.5	0	0
349	3881	0	0
351	3940.5	0	0
352	3966	0	0
353	4017	0	0
354	4042.5	0	0
356	4051	0	0
357	0	0	0
359	0	0	0
360	651	0	0
362	0	0	0
363	0	0	0
365	382.5	0	0
367	0	0	0
369	0	0	0
370	0	0	0
372	0	0	0
373	0	0	0
374	0	0	0
375	0	0	0
377	0	0	0
378	0	0	0
379	0	0	0
381	0	0	0
383	517.5	0	0
385	925.5	0	0
386	1155	0	0
387	1485	0	0
389	1873.5	0	0
390	2839.5	0	0
391	3705	0	0
392	3739	0	0
393	3798.5	0	0
394	3875	0	0
396	3951.5	0	0
397	0	0	0
399	0	0	0
400	161.5	0	0
402	0	0	0
403	0	0	0
404	0	0.25	0
405	0	0	0
406	0	0	0
407	161	0	0
408	0	0	0
410	0	0	0
412	483.5	0	0
414	1734.5	0	0
416	2040.5	0	0
422	3728.5	0	0
423	3839	0	0
424	0	0	0
426	0	0	0
427	0	0	0
429	0	0	0
430	0	0	0
431	0	0	0
433	0	0	0
434	0	0.5	0
436	10860	0	0
437	6065	0	0
438	0	0	0
440	0	0.25	0
442	0	0	0
444	0	0	0
445	0	0	0
446	0	0	0
448	0	0	0
450	0	0	0
451	0	0	0
453	0	0	0
454	2896	0.25	0
455	0	0.5	0
457	0	0.5	0
458	0	0.5	0
460	0	0	0
462	0	0	0
463	0	0	0
465	0	0	0
466	0	0	0
468	0	0	0
469	0	0	0
471	0	0	0
473	0	0	0
475	0	0.75	0
477	0	0	0
479	0	0	0
481	0	0	0
482	0	0	0
484	0	0	0
485	0	0	0
487	0	0	0
489	42885.5	0	0
491	73917.5	0	0
492	73917.5	0	0
493	73917.5	0	0
494	73926.5	0	0
495	73927.5	0	0
497	74089	0	0
499	74098	0	0
500	74183.5	0	0
501	74271	0	0
502	74271	0	0
503	0	0	0
504	0	0	0
506	0	0	0
508	0	0.25	0
510	0	1	0
511	0	1	0
512	0	1	0
513	0	1	0
515	0	0	0
516	0	0	0
517	0	0	0
519	0	0	0
521	0	0	0
522	0	0	0
523	0	0	0
524	0	0	0
525	76.5	0	0
526	0	0	0
528	0	0	0
530	0	0	0
532	0	0	0
533	0	0	0
534	0	0	0
536	0	0	0
538	0	0	0
540	0	0	0
541	0	0	0
542	0	0	0
543	0	0	0
544	0	0	0
545	0	0.5	0
546	0	0.5	0
548	0	0.5	0
550	0	1.25	0
551	0	1.5	0
552	0	1.5	0
553	0	0	0
555	0	0	0
556	0	0	0
557	0	0	0
558	0	0	0
559	0	0.25	0
560	0	1	0
561	0	1	0
562	0	1	0
564	0	0	0
566	0	0	0
568	0	0	0
570	0	0	0
572	0	0	0
573	0	0	0
575	0	0	0
577	0	0	0
578	0	0	0
579	0	0	0
581	0	0	0
582	0	0	0
583	0	0	0
585	0	0	0
586	0	0	0
587	0	0	0
588	0	0	0
590	0	0	0
591	0	0	0
592	0	0	0
593	0	0	0
595	0	0	0
596	0	0	0
597	0	0	0
599	0	0	0
601	0	0	6.625
602	0	0	219.75
604	0	0	0
605	0	0	19.25
607	0	0	42.5
609	0	0	41.25
610	0	0	19.25
612	0	0	0
614	0	0	0
616	0	0	0
617	0	0	0
618	0	0	0
620	0	0	0
622	0	0	0
624	0	0	0
625	0	0	0
626	0	0	0
628	0	0	0
630	0	0	512.75
632	0	0	0
633	0	0	0
634	0	0	0
635	0	0	0
637	0	0	0
639	0	0	439.5
640	0	0	0
641	0	0	0
642	0	0	0
644	0	0	100.5
646	0	0	0
648	0	0	0
650	0	0	254.25
651	0	0	0
653	0	0	0
655	0	0	0
657	0	0	0
659	0	0	0
661	0	0	0
663	0	0	468
665	0	0	0
667	0	0	0
669	0	0	0
672	0	0	0
673	0	0	53
675	0	0	0
677	0	0	120.5
680	0	0	0
681	0	0	1159.25
683	0	0	2176.5
685	0	0	0
687	0	0	71903.25
689	0	0	173294.25
691	0	0	24466.375
693	0	0	0
694	0	0	0
696	0	0	53
698	0	0	73.25
700	0	0	0
702	0	0	435.25
704	0	0	2888.75
706	0	0	538.25
708	0	0	73.25
710	0	0	0
712	0	0	0
713	0	0	181
715	0	0	0
717	0	0	2656.5
719	0	0	287
721	0	0	194784.25
723	0	0	0
725	0	0	181303.875
727	0	0	1703.25
729	0	0	0
732	0	0	106
734	0	0	5209.25
736	0	0	0
737	0	0	468
739	0	0	60
740	0	0	0
742	0	0	0
744	0	0	0
746	0	0	0
747	0	0	2214.75
748	0	0	0
750	0	0	1232.5
751	0	0	0
753	0	0	0
755	0	0	0
757	0	0	0
758	0	0	0
759	0	0	0
761	0	0	0
762	0	0	0
763	0	0	0
764	0	0	0
765	0	0	0
767	0	0	0
768	0	0	0
769	0	0	0
771	0	0	0
773	0	0	0
775	0	0	0
777	0	0	0.25
778	0	0	0.25
779	0	0	0
780	0	0	0
781	0	0	0
782	0	0	0
783	0	0	0.125
784	0	0	0.125
785	0	0	0
787	0	0	0
789	0	0	0
790	0	0	0
792	0	0	0
794	0	0	0
796	0	0	0
798	0	0	0
800	0	0	0
801	0	0	0
802	0	0	0
803	0	0	0
804	0	0	0
806	0	0	0
807	0	0	0
808	0	0	0
810	0	0	0
812	0	0	0
814	0	0	0
815	0	0	0
817	0	0	0.125
818	0	0	0
820	0	0	0
821	0	0	0
822	0	0	0
823	0	0	0
825	0	0	0
827	0	0	0.25
828	0	0	0.25
830	0	0	0
832	0	0	0
834	0	0	0
836	0	0	0
837	0	0	0
838	0	0	0
840	0	0	0
842	0	0	0
844	0	0	0
845	0	0	0
846	0	0	0
848	0	0	0
850	0	0	0
851	0	0	0
852	0	0	0
853	0	0	0
855	0	0	0
856	0	0	0
858	0	0	0
860	0	0	0
861	0	0	0
863	0	0	0
864	0	0	0
866	0	0	0
867	0	0	0.25
869	0	0	0
870	0	0	0
871	0	0	0
873	0	0	0
874	0	0	0
876	0	0	0
878	0	0	0
880	0	0	0
882	0	0	0
883	0	0	0
884	0	0	0
885	0	0	0
886	0	0	0
887	0	0	0
889	0	0	0
890	0	0	0
891	0	0	0
892	0	0	0
894	0	0	0
895	0	0	0
896	0	0	0
897	0	0	0
899	0	0	0
901	0	0	0
902	0	0	0
903	0	0	0
905	0	0	0
907	0	0	0
909	0	0	0
910	0	0	0
912	0	0	0.25
913	0	0	0.25
915	0	0	0
917	0	0	0
919	0	0	0
921	0	0	0
923	0	0	0
924	0	0	0
925	0	0	0
926	0	0	0
927	0	0	0
928	0	0	0
929	0	0	0
930	0	0	0
932	0	0	0
933	0	0	0
934	0	0	0
935	0	0	0
937	0	0	0
938	0	0	0
939	0	0	0
941	0	0	0
942	0	0	0
943	0	0	0
944	0	0	0
945	0	0	0
946	0	0	0
948	0	0	0
950	0	0	0
952	0	0	0
953	0	0	0
954	0	0	0
956	0	0	0
957	0	0	0
958	0	0	0
959	0	0	0
961	0	0	0
962	0	0	0
963	0	0	0
964	0	0	0
966	0	0	0
967	0	0	0
968	0	0	0
970	0	0	0
971	0	0	0
972	0	0	0
973	0	0	0
974	0	0	0
975	0	0	0
977	0	0	0
978	0	0	0
979	0	0	0
980	0	0	0
982	0	0	0
983	0	0	0
985	0	0	0
986	0	0	0
987	0	0	0
988	0	0	0
989	0	0	0
990	0	0	0
