ec2-1	173	399827	365977
ec2-10	378	399622	361363
ec2-11	379	399621	346137
ec2-12	342	399658	308596
ec2-13	373	399627	361159
ec2-14	357	399643	376692
ec2-15	358	399642	361500
ec2-16	324	399676	332338
ec2-17	299	399701	346578
ec2-18	301	399699	346599
ec2-19	366	399634	361413
ec2-2	188	399812	378594
ec2-20	336	399664	406637
ec2-3	209	399791	349515
ec2-4	160	399840	364581
ec2-5	218	399782	394075
ec2-6	194	399806	393699
ec2-7	193	399807	333912
ec2-8	341	399659	346446
ec2-9	292	399708	331112
M/sec	1115.4325224368
Total	8000000
Failure Rate	0.000722625
Client Failures	0
