ec2-1	47	399953	140011
ec2-10	62	399938	171895
ec2-11	65	399935	199405
ec2-12	71	399929	186102
ec2-13	100	399900	168170
ec2-14	87	399913	139533
ec2-15	10	399990	101363
ec2-16	121	399879	229492
ec2-17	100	399900	152874
ec2-18	122	399878	211218
ec2-19	112	399888	181968
ec2-2	67	399933	182183
ec2-20	116	399884	197402
ec2-3	89	399911	199164
ec2-4	87	399913	199987
ec2-5	47	399953	146826
ec2-6	82	399918	169429
ec2-7	56	399944	151087
ec2-8	51	399949	184564
ec2-9	53	399947	143787
M/sec	2314.0597605643
Total	8000000
Failure Rate	0.000193125
Client Failures	0
