ec2-1	0	400000	81587
ec2-10	0	400000	76007
ec2-11	0	400000	84681
ec2-12	0	400000	92632
ec2-13	0	400000	96767
ec2-14	0	400000	81623
ec2-15	0	400000	85116
ec2-16	0	400000	78500
ec2-17	0	400000	67443
ec2-18	0	400000	95651
ec2-19	0	400000	91452
ec2-2	0	400000	73490
ec2-20	0	400000	76715
ec2-3	0	400000	74149
ec2-4	0	400000	87112
ec2-5	0	400000	74226
ec2-6	0	400000	91726
ec2-7	0	400000	86995
ec2-8	0	400000	88448
ec2-9	0	400000	79227
M/sec	4809.0014889871
Total	8000000
Failure Rate	0
Client Failures	0
