ec2-1	0	400000	64884
ec2-10	0	400000	57837
ec2-11	0	400000	59217
ec2-12	0	400000	67755
ec2-13	0	400000	87883
ec2-14	0	400000	58931
ec2-15	0	400000	94377
ec2-16	0	400000	63484
ec2-17	0	400000	74870
ec2-18	0	400000	64222
ec2-19	0	400000	70397
ec2-2	0	400000	68300
ec2-20	0	400000	64653
ec2-3	0	400000	66166
ec2-4	0	400000	52801
ec2-5	0	400000	63460
ec2-6	0	400000	66166
ec2-7	0	400000	1214878
ec2-8	0	400000	74379
ec2-9	0	400000	74627
M/sec	3188.1566357296
Total	8000000
Failure Rate	0
Client Failures	0
