ec2-1	0	400000	83672
ec2-10	0	400000	79497
ec2-11	0	400000	100227
ec2-12	0	400000	71218
ec2-13	0	400000	62809
ec2-14	0	400000	76869
ec2-15	0	400000	67582
ec2-16	0	400000	76354
ec2-17	0	400000	88168
ec2-18	0	400000	92796
ec2-19	0	400000	94978
ec2-2	0	400000	74418
ec2-20	0	400000	80959
ec2-3	0	400000	76652
ec2-4	0	400000	93333
ec2-5	0	400000	101137
ec2-6	0	400000	97170
ec2-7	0	400000	97665
ec2-8	0	400000	87323
ec2-9	0	400000	104997
M/sec	4684.3234431651
Total	8000000
Failure Rate	0
Client Failures	0
