ec2-1	93	399907	175939
ec2-10	147	399853	348253
ec2-11	137	399863	318828
ec2-12	220	399780	318579
ec2-13	198	399802	348191
ec2-14	113	399887	301653
ec2-15	180	399820	377379
ec2-16	300	399700	330766
ec2-17	209	399791	301092
ec2-18	675	399325	333474
ec2-19	172	399828	272284
ec2-2	142	399858	319909
ec2-20	260	399740	301285
ec2-3	105	399895	278119
ec2-4	100	399900	301922
ec2-5	144	399856	292545
ec2-6	144	399856	319073
ec2-7	160	399840	331809
ec2-8	106	399894	306518
ec2-9	155	399845	363050
M/sec	1281.3115519044
Total	8000000
Failure Rate	0.00047
Client Failures	0
