ec2-1	0	400000	242296
ec2-10	0	400000	212573
ec2-11	0	400000	243212
ec2-12	1	399999	198544
ec2-13	0	400000	212440
ec2-14	0	400000	213156
ec2-15	0	400000	218421
ec2-16	0	400000	239800
ec2-17	0	400000	242575
ec2-18	13009	386991	187802
ec2-19	0	400000	251591
ec2-2	0	400000	238335
ec2-20	0	400000	252686
ec2-3	0	400000	240782
ec2-4	0	400000	234256
ec2-5	0	400000	223591
ec2-6	0	400000	223856
ec2-7	0	400000	238663
ec2-8	0	400000	231547
ec2-9	0	400000	242401
M/sec	1740.6435660071
Total	8000000
Failure Rate	0.00162625
Client Failures	0
