ec2-1	0	400000	134703
ec2-10	0	400000	69932
ec2-11	0	400000	71425
ec2-12	0	400000	73975
ec2-13	0	400000	71383
ec2-14	0	400000	70502
ec2-15	0	400000	75058
ec2-16	0	0	0
ec2-17	0	0	0
ec2-18	65	399935	397069
ec2-19	70	399930	481316
ec2-2	6	399994	385520
ec2-20	9961	390039	486722
ec2-3	0	400000	142294
ec2-4	8	399992	461295
ec2-5	0	400000	107379
ec2-6	6	399994	359593
ec2-7	8	399992	394275
ec2-8	0	400000	72201
ec2-9	6	399994	340452
M/sec	1713.8757796607
Total	7200000
Failure Rate	0.0014069444444444
Client Failures	2
