ec2-1	0	400000	232248
ec2-10	0	400000	212259
ec2-11	0	400000	236729
ec2-12	0	400000	206249
ec2-13	0	400000	240508
ec2-14	0	400000	220516
ec2-15	1	399999	208459
ec2-16	0	400000	229542
ec2-17	0	400000	238215
ec2-18	0	400000	277213
ec2-19	0	400000	255025
ec2-2	0	400000	235250
ec2-20	0	400000	231261
ec2-3	0	400000	242966
ec2-4	0	400000	225269
ec2-5	0	400000	201979
ec2-6	0	400000	248662
ec2-7	0	400000	243675
ec2-8	1	399999	199792
ec2-9	0	400000	231166
M/sec	1732.7328257436
Total	8000000
Failure Rate	2.5E-7
Client Failures	0
