ec2-1	5000	395000	214910
ec2-10	0	400000	215949
ec2-11	0	400000	242022
ec2-12	0	400000	187481
ec2-13	5000	395000	218342
ec2-14	0	400000	246563
ec2-15	0	400000	201808
ec2-16	0	400000	208560
ec2-17	0	400000	211476
ec2-18	0	400000	199610
ec2-19	0	400000	239136
ec2-2	0	400000	210104
ec2-20	0	400000	228466
ec2-3	0	400000	204914
ec2-4	0	400000	231477
ec2-5	0	400000	207932
ec2-6	0	400000	272920
ec2-7	0	400000	236621
ec2-8	0	400000	200324
ec2-9	0	400000	223630
M/sec	1814.983037064
Total	8000000
Failure Rate	0.00125
Client Failures	0
