ec2-1	0	400000	194995
ec2-10	0	400000	222640
ec2-11	18492	381508	219172
ec2-12	0	400000	184215
ec2-13	0	400000	187629
ec2-14	0	400000	194084
ec2-15	0	400000	184264
ec2-16	0	400000	185208
ec2-17	0	400000	183005
ec2-18	0	400000	177912
ec2-19	9932	390068	183684
ec2-2	0	400000	189204
ec2-20	5000	395000	175983
ec2-3	0	400000	205049
ec2-4	0	400000	180026
ec2-5	0	400000	187363
ec2-6	0	400000	192176
ec2-7	0	400000	192512
ec2-8	0	400000	177957
ec2-9	0	400000	182444
M/sec	2096.7311151245
Total	8000000
Failure Rate	0.004178
Client Failures	0
