ec2-1	5	399995	338040
ec2-10	0	400000	115966
ec2-11	12	399988	325911
ec2-12	0	0	0
ec2-13	9657	390343	355898
ec2-14	0	0	0
ec2-15	0	400000	123184
ec2-16	29	399971	339193
ec2-17	0	0	0
ec2-18	188	399812	377541
ec2-19	189	399811	361745
ec2-2	0	400000	122311
ec2-20	189	399811	407649
ec2-3	12	399988	363379
ec2-4	0	400000	75163
ec2-5	0	400000	75702
ec2-6	0	400000	76206
ec2-7	0	400000	112084
ec2-8	0	400000	126437
ec2-9	0	400000	109555
M/sec	1783.9682666468
Total	6800000
Failure Rate	0.0015119117647059
Client Failures	3
