ec2-21	0	400000	137534
ec2-22	0	400000	162371
ec2-23	0	400000	158498
ec2-24	0	400000	144868
ec2-25	0	400000	148009
ec2-26	0	400000	153926
ec2-27	0	400000	150113
ec2-28	0	400000	138177
ec2-29	0	400000	142007
ec2-30	0	400000	151973
ec2-31	0	400000	147732
ec2-32	0	400000	124432
ec2-33	0	400000	144582
ec2-34	0	400000	142410
ec2-35	0	400000	139866
ec2-36	0	400000	140088
ec2-37	0	400000	133083
ec2-38	0	400000	121905
ec2-39	0	400000	152988
ec2-40	0	400000	157576
M/sec	2766.1197356419
Total	8000000
Failure Rate	0
Client Failures	0
