ec2-1	0	400000	205477
ec2-10	0	400000	246201
ec2-11	4923	395077	211600
ec2-12	0	400000	208507
ec2-13	0	400000	206485
ec2-14	17723	382277	191114
ec2-15	0	400000	223819
ec2-16	0	400000	194739
ec2-17	4311	395689	195584
ec2-18	0	400000	197853
ec2-19	0	400000	205736
ec2-2	0	400000	216594
ec2-20	0	400000	190602
ec2-3	0	400000	216224
ec2-4	0	400000	217121
ec2-5	5000	395000	183535
ec2-6	0	400000	219164
ec2-7	0	400000	228125
ec2-8	0	400000	211796
ec2-9	0	400000	217107
M/sec	1902.8694055452
Total	8000000
Failure Rate	0.003994625
Client Failures	0
