ec2-21	0	400000	140619
ec2-22	0	400000	133299
ec2-23	0	400000	171901
ec2-24	0	400000	145054
ec2-25	0	400000	154249
ec2-26	0	400000	151605
ec2-27	0	400000	155566
ec2-28	0	400000	127548
ec2-29	0	400000	155507
ec2-30	0	400000	133373
ec2-31	0	400000	142417
ec2-32	0	400000	135935
ec2-33	0	400000	133601
ec2-34	0	400000	136191
ec2-35	0	400000	146526
ec2-36	0	400000	144798
ec2-37	0	400000	150562
ec2-38	0	400000	142934
ec2-39	0	400000	89006
ec2-40	0	400000	99475
M/sec	2867.2129185145
Total	8000000
Failure Rate	0
Client Failures	0
