ec2-1	0	400000	217620
ec2-10	0	400000	225927
ec2-11	0	400000	229846
ec2-12	0	400000	205259
ec2-13	0	400000	211255
ec2-14	0	400000	221262
ec2-15	0	400000	205850
ec2-16	8454	391546	191416
ec2-17	0	400000	252591
ec2-18	4926	395074	204430
ec2-19	0	400000	209381
ec2-2	0	400000	219142
ec2-20	0	400000	206645
ec2-3	0	400000	217515
ec2-4	0	400000	227965
ec2-5	0	400000	200919
ec2-6	0	400000	214519
ec2-7	0	400000	238703
ec2-8	0	400000	189184
ec2-9	0	400000	217069
M/sec	1854.5509599679
Total	8000000
Failure Rate	0.0016725
Client Failures	0
