ec2-1	0	400000	184482
ec2-10	34809	365191	521629
ec2-11	84545	315455	522916
ec2-12	18659	381341	507419
ec2-13	79739	320261	520311
ec2-14	232806	167194	538473
ec2-15	0	0	0
ec2-16	256641	143359	535208
ec2-17	258944	141056	529883
ec2-18	226611	173389	540462
ec2-19	221808	178192	538545
ec2-2	0	400000	210946
ec2-20	235328	164672	535554
ec2-3	0	400000	86794
ec2-4	0	400000	162513
ec2-5	0	400000	190235
ec2-6	0	400000	107417
ec2-7	16316	383684	501575
ec2-8	66047	333953	511693
ec2-9	0	400000	66945
M/sec	802.37207712293
Total	7600000
Failure Rate	0.22792802631579
Client Failures	1
