ec2-1	0	400000	216260
ec2-10	0	400000	221210
ec2-11	0	400000	273040
ec2-12	0	400000	196765
ec2-13	0	400000	244656
ec2-14	0	400000	233184
ec2-15	0	400000	225643
ec2-16	1	399999	236225
ec2-17	0	400000	240944
ec2-18	0	400000	240311
ec2-19	0	400000	233460
ec2-2	0	400000	238390
ec2-20	0	400000	231671
ec2-3	0	400000	218489
ec2-4	0	400000	242329
ec2-5	0	400000	232205
ec2-6	0	400000	210726
ec2-7	0	400000	229111
ec2-8	0	400000	199174
ec2-9	0	400000	242309
M/sec	1736.8262795744
Total	8000000
Failure Rate	1.25E-7
Client Failures	0
