ec2-1	0	400000	215357
ec2-10	1	399999	189114
ec2-11	0	400000	220534
ec2-12	0	400000	238879
ec2-13	0	400000	262211
ec2-14	0	400000	222891
ec2-15	0	400000	231333
ec2-16	0	400000	226957
ec2-17	0	400000	217833
ec2-18	0	400000	227264
ec2-19	0	400000	243817
ec2-2	0	400000	259683
ec2-20	0	400000	219321
ec2-3	0	400000	236571
ec2-4	0	400000	242955
ec2-5	0	400000	239919
ec2-6	0	400000	213556
ec2-7	0	400000	261860
ec2-8	0	400000	224085
ec2-9	4615	395385	214224
M/sec	1734.9723242348
Total	8000000
Failure Rate	0.000577
Client Failures	0
