ec2-1	0	400000	230542
ec2-10	0	400000	232264
ec2-11	0	400000	220197
ec2-12	0	400000	214566
ec2-13	4226	395774	215377
ec2-14	0	400000	241452
ec2-15	0	400000	243826
ec2-16	0	400000	218423
ec2-17	0	400000	241698
ec2-18	0	400000	206658
ec2-19	0	400000	225248
ec2-2	0	400000	239355
ec2-20	18821	381179	204355
ec2-3	0	400000	261985
ec2-4	0	400000	261365
ec2-5	0	400000	209157
ec2-6	0	400000	235275
ec2-7	0	400000	253539
ec2-8	0	400000	228051
ec2-9	13362	386638	207561
M/sec	1734.6492861739
Total	8000000
Failure Rate	0.004551125
Client Failures	0
