ec2-1	0	400000	99051
ec2-10	107741	292259	513384
ec2-11	0	400000	80855
ec2-12	10469	389531	511988
ec2-13	111351	288649	515941
ec2-14	368591	31409	509333
ec2-15	271526	128474	537705
ec2-16	248435	151565	536933
ec2-17	257470	142530	534515
ec2-18	267592	132408	532399
ec2-19	239105	160895	532093
ec2-2	0	400000	112115
ec2-20	293790	106210	532719
ec2-3	0	400000	118051
ec2-4	0	400000	177761
ec2-5	0	400000	72735
ec2-6	9258	390742	528289
ec2-7	155392	244608	528756
ec2-8	90227	309773	519533
ec2-9	133748	266252	501571
M/sec	679.77621046842
Total	8000000
Failure Rate	0.320586875
Client Failures	0
