ec2-1	0	400000	187866
ec2-10	0	400000	153251
ec2-11	0	400000	174044
ec2-12	0	400000	167593
ec2-13	0	400000	172898
ec2-14	0	400000	129304
ec2-15	0	400000	173974
ec2-16	0	400000	174421
ec2-17	0	400000	178254
ec2-18	0	400000	172320
ec2-19	32197	367803	579765
ec2-2	0	400000	184997
ec2-20	0	400000	167643
ec2-3	0	400000	188130
ec2-4	0	400000	177872
ec2-5	0	400000	195150
ec2-6	0	400000	181853
ec2-7	0	400000	170063
ec2-8	0	400000	145752
ec2-9	0	400000	137517
M/sec	2089.8239998405
Total	8000000
Failure Rate	0.004024625
Client Failures	0
