ec2-1	4465	395535	199020
ec2-10	0	400000	208853
ec2-11	0	400000	242515
ec2-12	0	400000	217297
ec2-13	0	400000	280968
ec2-14	0	400000	236513
ec2-15	0	400000	244888
ec2-16	0	400000	254594
ec2-17	0	400000	262917
ec2-18	0	400000	222855
ec2-19	0	400000	232428
ec2-2	0	400000	247869
ec2-20	0	400000	258504
ec2-3	0	400000	250952
ec2-4	0	400000	235129
ec2-5	0	400000	192878
ec2-6	0	400000	222675
ec2-7	0	400000	255676
ec2-8	0	400000	207438
ec2-9	0	400000	222606
M/sec	1702.4182515982
Total	8000000
Failure Rate	0.000558125
Client Failures	0
