ec2-1	0	400000	228643
ec2-10	0	400000	217689
ec2-11	0	400000	243373
ec2-12	0	400000	251006
ec2-13	0	400000	207931
ec2-14	0	400000	229086
ec2-15	0	400000	230616
ec2-16	0	400000	213252
ec2-17	0	400000	228704
ec2-18	0	400000	231217
ec2-19	0	400000	217516
ec2-2	0	400000	255406
ec2-20	0	400000	227898
ec2-3	0	400000	263469
ec2-4	0	400000	207198
ec2-5	0	400000	219342
ec2-6	0	400000	229200
ec2-7	0	400000	247324
ec2-8	0	400000	223786
ec2-9	0	400000	235417
M/sec	1736.0836080505
Total	8000000
Failure Rate	0
Client Failures	0
