ec2-1	0	400000	220902
ec2-10	0	400000	203245
ec2-11	9835	390165	191488
ec2-12	0	400000	204546
ec2-13	0	400000	250503
ec2-14	1842	398158	201281
ec2-15	0	400000	221790
ec2-16	0	400000	231881
ec2-17	4441	395559	197053
ec2-18	0	400000	194947
ec2-19	4421	395579	209677
ec2-2	4497	395503	217640
ec2-20	0	400000	241967
ec2-3	14651	385349	194489
ec2-4	0	400000	219452
ec2-5	0	400000	201663
ec2-6	0	400000	230223
ec2-7	0	400000	240845
ec2-8	0	400000	217079
ec2-9	0	400000	225592
M/sec	1844.2604169394
Total	8000000
Failure Rate	0.004960875
Client Failures	0
