ec2-1	0	400000	227206
ec2-10	0	400000	244973
ec2-11	0	400000	225838
ec2-12	0	400000	310878
ec2-13	0	400000	292613
ec2-14	4397	395603	277399
ec2-15	0	400000	232305
ec2-16	0	400000	330147
ec2-17	0	400000	271863
ec2-18	0	400000	247832
ec2-19	0	400000	292425
ec2-2	0	400000	228831
ec2-20	0	400000	279582
ec2-3	0	400000	345306
ec2-4	0	400000	245094
ec2-5	0	400000	315141
ec2-6	0	400000	291169
ec2-7	0	400000	222828
ec2-8	0	400000	259279
ec2-9	0	400000	283457
M/sec	1474.0704838311
Total	8000000
Failure Rate	0.000549625
Client Failures	0
