ec2-1	0	400000	153627
ec2-10	0	400000	113698
ec2-11	0	400000	106540
ec2-12	0	400000	88514
ec2-13	0	400000	94940
ec2-14	0	400000	126047
ec2-15	0	400000	90198
ec2-16	0	400000	100207
ec2-17	0	400000	314070
ec2-18	0	400000	247797
ec2-19	0	400000	239001
ec2-2	0	400000	136002
ec2-20	0	400000	89601
ec2-3	0	400000	161358
ec2-4	0	400000	133597
ec2-5	0	400000	111583
ec2-6	0	400000	286007
ec2-7	0	400000	115144
ec2-8	0	400000	117333
ec2-9	0	400000	114961
M/sec	2720.8802047462
Total	8000000
Failure Rate	0
Client Failures	0
