ec2-1	4	399996	307610
ec2-10	0	400000	95580
ec2-11	0	400000	278716
ec2-12	0	400000	101123
ec2-13	0	400000	98805
ec2-14	0	400000	262351
ec2-15	0	400000	266961
ec2-16	0	400000	269810
ec2-17	0	400000	103938
ec2-18	0	400000	252229
ec2-19	0	400000	95372
ec2-2	0	400000	133618
ec2-20	0	400000	77023
ec2-3	0	400000	149392
ec2-4	0	400000	128527
ec2-5	0	400000	282560
ec2-6	0	400000	196822
ec2-7	0	400000	117104
ec2-8	0	400000	109183
ec2-9	0	400000	108697
M/sec	2328.6799492697
Total	8000000
Failure Rate	5.0E-7
Client Failures	0
