ec2-1	0	400000	232116
ec2-10	6325	393675	201285
ec2-11	0	400000	223049
ec2-12	0	400000	227408
ec2-13	0	400000	230124
ec2-14	0	400000	211924
ec2-15	0	400000	224542
ec2-16	0	400000	215004
ec2-17	0	400000	209414
ec2-18	4493	395507	207678
ec2-19	0	400000	234361
ec2-2	9833	390167	207975
ec2-20	0	400000	237198
ec2-3	0	400000	219534
ec2-4	0	400000	247793
ec2-5	0	400000	240660
ec2-6	4239	395761	199298
ec2-7	0	400000	203827
ec2-8	0	400000	229851
ec2-9	0	400000	220022
M/sec	1803.0740235895
Total	8000000
Failure Rate	0.00311125
Client Failures	0
