Time	openfire_nolog_2	openfire_nolog_4	openfire_nolog_8
0	0.9	0.875	1
1	0.95	0.9	1.0125
2	1	0.9	1.025
4	1.05	0.9	1.0625
6	1.15	1.025	1.1125
7	1.3	1.1	1.175
8	1.5	1.125	1.2125
9	1.5	1.225	1.2625
12	1.7	1.525	1.4625
13	1.8	1.75	1.4875
14	2.2	1.9	1.6125
15	2.85	2.35	1.75
18	3.65	2.525	1.8125
19	3.75	3.25	1.85
21	4.35	3.475	1.8625
23	4.5	3.8	1.8625
25	4.55	4.25	1.8625
27	5.15	4.375	1.8625
28	5.75	4.475	1.875
31	5.9	4.8	1.8625
32	5.9	4.825	1.875
34	6.9	5.075	1.875
35	6.9	5.125	1.8625
38	8	5.25	1.8625
39	8.15	5.25	1.85
41	8.15	5.35	1.8375
43	8.6	5.4	1.8375
45	9.45	5.4	1.8375
47	9.45	5.425	1.8375
48	9.45	5.425	1.8375
51	10.1	5.475	1.8375
52	10.65	5.525	1.8375
54	10.65	5.575	1.8375
55	10.65	5.7	1.8625
57	11.35	5.75	1.9125
59	12	5.775	2.0125
61	12	5.925	2.0375
64	12.6	5.975	2.1125
65	12.6	6.175	2.175
67	12.9	6.2	2.225
68	12.95	6.2	2.325
70	13.35	6.25	2.4
72	14.05	6.575	2.45
74	14.25	6.7	2.5
77	14.9	6.95	2.5
78	15.25	7.1	2.5125
80	15.25	7.1	2.525
81	15.25	7.275	2.625
84	17.1	7.525	2.675
85	17.7	7.525	2.725
87	17.7	7.75	2.8375
90	17.7	8	2.95
91	17.7	8	2.9875
93	18.15	8	3.0875
94	18.15	8.125	3.15
97	18.15	8.425	3.1875
98	18.15	8.425	3.2875
100	18.85	8.525	3.375
103	18.85	8.875	3.475
104	18.85	8.875	3.5625
105	18.85	8.975	3.6875
107	19.7	9.275	3.7875
109	20.1	9.275	3.9375
111	20.1	9.525	4.025
113	20.1	9.65	4.1625
116	20.5	10.025	4.325
117	20.5	10.1	4.3625
118	20.5	10.1	4.5125
120	21.45	10.575	4.5875
122	21.45	10.65	4.7125
124	22.05	10.75	4.9
126	22.05	10.875	4.95
129	22.05	10.9	5.0625
130	22.05	10.9	5.0625
131	22.1	10.9	5.225
133	22.15	11.375	5.325
135	22.15	11.75	5.475
137	22.15	11.75	5.5125
139	22.15	11.975	5.8125
142	23.85	12.075	5.8375
143	24.45	12.075	5.925
145	24.45	12.35	6.125
146	24.45	12.65	6.225
148	24.45	12.9	6.3625
150	24.45	12.9	6.5375
152	24.9	12.95	6.6
155	24.95	13.175	6.7125
156	25.3	13.275	6.775
158	25.3	13.275	6.925
159	25.65	13.275	7.0375
161	25.75	13.575	7.1375
163	25.9	13.925	7.3125
165	25.9	14.175	7.3375
168	25.9	14.175	7.475
169	25.9	14.175	7.5
171	25.9	14.175	7.6375
172	26.2	14.3	7.725
174	26.2	14.325	7.8
176	26.5	14.325	7.9375
178	26.5	14.625	8.0625
181	26.5	14.625	8.175
182	26.5	14.625	8.175
184	26.5	14.775	8.2125
185	26.5	14.775	8.3375
187	26.5	14.775	8.35
189	26.5	14.775	8.4
191	26.5	14.775	8.45
194	26.5	15.225	8.4625
195	27.85	15.225	8.4875
197	27.85	15.4	8.5875
198	27.85	15.4	8.65
200	28.85	15.4	8.6875
202	28.85	15.65	8.75
204	28.85	15.65	8.8
206	28.85	15.65	8.9
208	28.85	15.65	9.125
210	28.85	15.95	9.125
211	28.85	16.2	9.125
213	28.9	16.2	9.1625
215	28.9	16.425	9.2125
217	28.9	16.425	9.45
219	30.45	16.5	9.55
221	30.45	16.8	9.55
223	30.45	16.8	9.55
224	30.45	16.8	9.6
226	31.7	16.8	9.675
228	31.7	17.1	9.9
230	31.7	17.2	9.9625
233	31.7	17.5	10.125
234	31.7	17.5	10.125
236	31.7	17.8	10.2
237	31.7	17.8	10.225
239	31.7	17.8	10.3125
241	31.7	18.15	10.5
243	32.7	18.225	10.6625
245	33.4	18.225	10.8125
247	33.4	18.225	10.8125
249	33.4	18.25	10.8125
250	33.4	18.575	10.825
252	34.85	18.8	11.025
254	34.85	18.8	11.225
256	34.85	18.8	11.25
258	34.95	18.8	11.475
260	34.95	19.2	11.575
261	34.95	19.2	11.5875
263	34.95	19.2	11.6125
265	34.95	19.2	11.625
266	34.95	19.2	11.775
268	34.95	19.2	12
270	35.35	19.9	12.125
272	35.6	20.275	12.3375
274	35.6	20.275	12.3625
276	35.6	20.275	12.375
278	35.6	20.275	12.4
279	35.6	20.725	12.4
281	36.85	20.725	12.5875
283	37.75	20.725	12.7125
285	37.75	20.725	12.8875
287	37.75	20.725	13.1
289	37.75	20.725	13.1
291	37.75	20.725	13.125
292	37.75	21.075	13.1375
294	38.55	21.35	13.2125
296	38.55	21.875	13.3625
298	38.6	21.875	13.3625
300	38.65	22.25	13.4625
302	38.7	22.325	13.7375
304	38.7	22.325	13.9375
306	38.7	22.425	13.9625
308	38.7	22.425	13.975
310	38.8	22.425	14
312	38.8	22.5	14.0125
313	38.8	22.5	14.0375
315	38.8	22.5	14.1625
316	38.8	22.975	14.2
318	38.8	23.275	14.325
320	38.8	23.475	14.4
322	38.8	23.725	14.5
324	38.9	24.15	14.7
326	39.1	24.15	14.7
327	39.1	24.15	14.725
329	39.1	24.3	14.725
331	39.1	24.3	14.725
333	39.95	24.3	14.8
335	39.95	24.35	14.8125
337	39.95	24.35	14.8125
339	39.95	24.35	14.8125
340	40	24.35	14.8125
342	40	24.775	14.8125
344	40	25.125	14.8125
345	40.95	25.125	14.8125
346	40.95	25.15	14.8125
347	40.9	25.25	14.8125
349	41.4	25.25	14.8125
351	41.4	25.7	14.8125
352	41.4	26.225	14.8125
353	41.4	26.225	14.8125
355	41.4	26.275	14.8125
357	41.4	26.275	14.8125
358	41.9	26.275	14.8125
359	41.9	26.275	14.8125
360	41.9	26.275	14.8125
362	42.3	26.275	14.8125
364	42.35	26.325	14.8125
365	42.35	26.325	14.8125
366	42.35	26.325	14.8125
368	42.4	26.775	14.8125
369	42.4	26.775	14.8125
371	42.9	26.775	14.8125
372	42.9	26.775	14.8125
374	42.9	26.775	14.8125
375	42.9	26.775	14.8125
377	42.9	27.3	14.8125
378	42.9	27.3	14.8125
379	42.9	27.3	14.8125
381	42.9	27.425	14.8125
382	42.9	27.9	14.8125
384	42.9	27.9	14.8125
385	42.9	27.9	14.8125
387	42.9	27.9	14.8125
388	42.9	27.9	14.8125
390	42.9	27.9	14.8125
391	42.9	27.95	14.8125
392	42.9	27.95	14.8125
394	42.9	27.95	14.8125
395	42.9	28.3	14.8125
397	42.9	28.325	14.8125
398	42.9	28.325	14.8125
399	42.9	28.35	14.8125
401	42.9	28.425	14.8125
403	42.9	28.425	14.8125
404	42.9	28.525	14.8125
405	42.9	28.525	14.8125
407	42.9	28.525	14.8125
408	42.9	28.525	14.8125
410	42.9	28.525	14.8125
411	42.9	28.525	14.8125
412	42.9	29.05	14.8125
414	42.9	29.375	14.8125
416	42.9	29.375	14.8125
417	43.1	29.375	14.8125
418	43.1	29.375	14.8125
420	43.1	29.825	14.8125
421	43.1	29.825	14.8125
423	43.1	29.825	14.8125
424	43.1	29.825	14.8125
425	43.1	29.825	14.8125
427	43.1	29.825	14.8125
429	43.75	29.825	14.8125
430	43.75	29.825	14.8125
431	43.75	29.825	14.8125
433	43.75	29.825	14.8125
434	43.75	29.9	14.8125
436	43.75	29.9	14.8125
437	44.05	29.925	14.8125
438	44.35	29.925	14.8125
440	44.35	29.95	14.8125
441	44.35	29.975	14.8125
443	44.35	30.025	14.8125
444	44.4	30.025	14.8125
446	44.4	30.15	14.8125
447	44.4	30.15	14.8125
449	44.65	30.175	14.8125
450	44.65	30.175	14.8125
451	44.65	30.2	14.8125
453	44.6	30.275	14.8125
454	44.6	30.275	14.8125
456	44.6	30.275	14.8125
457	44.6	30.275	14.8125
458	44.6	30.275	14.8125
460	44.6	30.275	14.8125
461	44.6	30.775	14.8125
463	44.85	30.775	14.8125
465	44.85	30.775	14.8125
