0	0	0	0	0	0	2.4875	0	3.3	0	0
1	0	13.3	145.8	16.55	1.65	0	112.6	13.25	0	0.825
3	6.7	6.7	19.9	155.7	1.65	2.475	112.7	0	0	1.65
5	0	166.2	158.8	36.45	0	0	59.7	0	104.425	0
7	0	272.7	231.5	72.8	0	13.2625	416.5	129.3	1.65	0.825
8	0	332.5	125.7	135.85	1.65	1.65	324.6	3.3	0	0
10	272.8	272.8	218.7	159	0	0.825	397.6	0	0	0
11	0	358.8	218.7	158.9	84.4	28.1875	159.1	3.3	0	0
13	0	319.2	178.9	119.3	1.65	39.7375	171.9	0	0	1.65
15	0	379.2	310.7	122.5	0	43.9	324.5	0	0	0
17	525.3	525.3	271.6	132.25	3.3	0	231.6	0	1.65	0
19	0	472	318	254.9	1.65	0.825	185.6	0	537.5	0.825
20	0	299.3	211.9	96.05	0	57.1125	251.4	0	1.65	0
22	0	505.7	264.7	109.25	0	1.65	218.2	0	0	1.65
24	685.3	685.3	192.1	49.7	3.325	0	139	6.65	0	0
25	0	584.5	198.4	59.6	62.925	52.1625	92.7	0	6.625	401.4625
27	0	472.4	132.3	69.6	1.65	48.8625	112.5	3.3	0	0
28	0	598.4	86.2	62.95	0	1.65	86.1	0	0	0.825
30	0	439	79.5	66.15	0	1.65	238.1	0	0	0.825
32	0	572.2	138.9	69.5	1.65	18.25	152.5	0	0	0
34	0	545.3	145.7	52.9	0	17.4	66.2	0	3.325	0
35	0	718.3	79.5	33.15	0	1.6625	132.5	575.9	0	0
37	0	704.8	245.2	33.1	1.65	0	112.6	0	0	0.825
39	0	578.5	59.6	56.3	1.65	0.825	152.2	3.3	0	0
41	0	558.9	118.9	46.35	0	1.6625	132.5	0	3.3	0
43	0	565.6	105.9	39.7	1.65	14.0875	132.3	0	0	0
45	0	725	132.4	79.5	29.8	15.7375	132.3	0	0	0
47	0	731.3	132.5	56.3	0	13.25	106	0	565.75	0
49	0	744.7	218.2	53.05	0	39.7375	99.4	539.55	0	0.825
51	0	685.3	172.3	59.6	1.65	43.9	99.3	318.15	0	0.825
53	0	618.4	86.1	85.95	0	43.05	158.7	169.2	579.9	1.65
55	0	731.5	172.3	66.2	0	77	139.1	135.85	1.65	0
57	0	784.8	86	49.65	0	57.1125	145.7	684.95	1.65	0.825
59	0	671.6	132.3	59.65	24.85	18.2375	212	659.55	0	0.825
61	0	658	171.9	43.1	3.3	16.5625	165.6	595.6	1.65	0
63	0	598.6	205.2	92.75	0	13.2625	92.8	579.5	0	1.65
65	0	745.2	205.1	52.95	0	31.475	112.5	560.7	0	0.825
67	0	751.6	99.2	109.25	1.65	52.1375	158.9	324.55	618.85	0.825
69	0	756.5	86.1	56.35	0	18.25	112.4	470.2	0	0
70	0	658.2	79.4	56.35	0	13.25	185.1	433.65	0	0.825
72	0	651.7	145.8	122.5	33.125	17.4	125.8	565.1	0	0.825
73	0	725.2	99.2	109.25	1.65	27.35	258.5	536.65	0	608.8375
74	0	585.2	125.7	122.6	1.65	15.75	86.1	509.8	636.6	0
76	0	578.4	79.4	79.55	1.65	16.575	66.3	446.75	1.65	0
78	0	645	172.3	69.5	0	9.9375	165.5	499.6	1.65	582.6125
80	0	578.5	231.6	56.3	0	14.0875	198.8	549.25	0	554.7
81	0	731.9	258.2	99.25	64.6	24.025	218.5	420	575.675	0
83	0	705.2	296	79.4	13.275	13.25	132.5	589.15	0	0
85	0	751.3	159	76.2	24.85	13.275	205.4	559.25	1.65	0.825
86	0	592.1	185.5	92.8	96.075	26.5125	251.8	508.9	1.65	568.1125
87	0	577.6	92.1	72.9	44.75	15.75	178.7	521.1	4.95	0.825
88	0	631.9	284.4	145.6	48.025	26.4625	145.5	603.25	213.475	2.475
90	0	591.9	211.7	145.75	125.875	12.4	198.8	558.45	1.65	0.825
92	0	671.6	178.6	192.1	84.45	13.275	323.9	566.7	0	0.825
93	0	705.2	165.7	95.9	61.25	22.35	351.1	589	0	585.7875
94	0	711	178.9	202.1	104.35	15.75	291.4	528.95	1.65	0.825
96	0	665.2	86	109.3	91.125	18.2375	192.2	539.55	3.3	0.825
98	0	259.3	98.8	145.8	67.9	16.5625	185.2	546	0	0
100	0	671.6	258	122.45	62.925	13.2625	304.5	512.55	0	1.65
102	711.8	711.8	264.9	162.3	52.975	11.6	145.8	400.95	585.85	0.825
103	0	658.4	218.4	182	33.125	9.1	238.5	562.75	0	0.825
105	0	731.3	330.9	82.85	62.925	16.55	377.8	544.65	0	0.825
107	0	698.6	152.4	175.5	29.825	13.25	318.1	542.5	1.65	0
109	492.3	492.3	284.2	195.15	29.775	17.4	212	524.95	0	0
111	0	698	244.8	69.55	14.925	15.75	257.9	522.75	11.6	0
113	0	765.1	198.8	148.95	54.65	36.4375	291.3	552.5	19.875	0
115	0	731.8	297.1	102.75	77.825	36.425	244.7	321.1	104.425	0.825
116	711.2	711.2	311.1	132.3	56.325	33.1125	304.5	509.8	699.9	3.3
118	0	691.9	364.4	102.7	34.8	24.025	337.2	511.75	551.5	0.825
119	0	658.3	457	205.2	31.475	16.575	370.8	519.75	266.65	594.8125
120	0	539	410.4	115.85	89.4	33.1375	383.7	380.55	695.025	0
122	0	764.9	344.1	115.95	76.175	38.9125	523	575.8	624.325	0
124	585	585	397.8	135.65	16.575	52.1375	436.4	563	533.1	0.825
126	0	578.8	258	185.35	31.475	16.575	324.7	631.6	484.85	0
127	0	644.8	363.7	198.8	94.4	46.3875	357.5	553.2	405.975	0
129	0	565.1	509.1	221.65	18.2	48.8625	502.5	513.05	537.5	0.825
130	0	498.5	165.7	185.35	38.1	22.35	330.8	545.65	447.025	0
132	0	366	370.3	347.4	28.175	23.1875	337.9	569.4	462.925	485.0875
133	0	39.9	337.9	294.4	91.125	52.9875	408.5	395.35	476.4	0
134	0	2.9	403.7	198.4	19.9	28.1625	468.7	577.1	524.625	606.525
136	0	0	318	158.85	29.8	36.4375	455.9	366.95	531.475	0.825
156	0	20	509.3	255	57.975	83.6	423.4	548.55	623.6	0.825
158	0	2.9	363.5	399.65	71.2	73.7375	502.6	551.85	579.225	0
162	0	20	671.8	307.85	110.95	68.7	634.9	518.65	615.575	576.925
166	0	0	687.5	403.75	96.075	48.8625	502.6	341.25	583.575	0
168	0	0	568.7	319.85	48.025	42.2375	581.4	523.15	595.775	0.825
170	0	0	469.4	314.75	51.35	52.9875	535.7	499.45	590.625	0.825
172	0	8.5	601.4	261.45	49.675	37.2625	589.1	531.6	241.85	0
173	0	0	608.2	333.5	61.25	53.0125	667.7	553.2	638.9	590.175
176	0	0	667.8	248.45	81.175	71.2	615	546.65	129.1	2.475
180	0	0	510.4	264.95	62.925	51.3375	624.4	589.4	631.4	609.8125
181	166.2	6.7	641.7	410.3	54.625	64.55	679.8	577.1	566.6	0.825
183	272.7	0	663	327.6	53	71.1875	542.7	579.1	633.65	0
184	332.5	20	562.9	281.55	57.95	53.8125	634.8	599.4	636.6	0.825
186	272.8	0	641.2	364.05	81.1	45.525	708	559.1	537.325	1.65
188	358.8	0	568.8	327.35	52.975	67.9	703.8	566	600.1	0.825
189	319.2	6.7	736.2	407	147.3	85.275	621.5	549.65	588.5	0
191	379.2	0	648.9	386.7	119.2	79.5125	582	526.2	575.675	0.825
192	491.8	0	621.8	366.95	87.775	59.5875	594.4	615.95	553.8	0
193	525.3	0	580.8	459.6	54.65	83.6	646	774.5	586.05	0.825
194	0	0	700.7	427.05	77.825	73.65	595	593	618.875	0
196	299.3	6.7	605.1	406.6	57.95	67.8625	661.2	519.55	638.7	0
198	505.7	99.8	673.5	450.2	44.725	79.4625	529.2	572.75	213.475	0
199	445.3	59.9	588.5	419.9	86.15	68.7	667.6	572.15	500	0.825
200	685.3	0	673.8	470.25	89.4	89.1	656.1	592.5	470.2	0
202	584.5	59.9	596.9	430.45	76.175	68.6875	720.7	579.15	598.15	0.825
204	598.4	99.8	700.7	433.25	66.225	62.0875	645.2	380.8	597.325	0.825
205	478.4	99.8	660.9	426.45	89.4	94.35	681	599.35	475.2	0
206	439	99.8	680.3	438.8	92.75	72.025	622.2	384.15	594.1	0.825
208	99.8	99.8	654.5	459.55	107.65	90.2125	621.6	538.8	592.75	0.825
210	545.3	99.8	679.1	519.15	104.325	62.1	522.2	459.9	615.575	0
211	718.3	99.8	656.5	337.2	77.825	84.5	608.4	542.4	630.5	0.825
213	704.8	99.8	617.4	443	91.125	71.2	549	341.25	603.075	1.65
215	99.8	99.8	513.9	383.75	97.725	97.7125	701	400	596.6	0
217	558.9	106.5	657.1	482.8	142.475	64.55	354.2	605.55	577.3	0.825
219	565.6	99.8	685.4	450.8	86.125	109.225	537.1	601.15	609.775	1.6625
221	725	0	739.3	268.1	165.45	57.125	437.3	607.75	598.4	514.3125
223	731.3	133	622.9	337.5	163.975	65.4	608.5	566.15	587.3	582.1
224	711.8	99.8	575.2	297.8	115.85	58.7875	622.2	609.1	592.6	0
226	665.4	106.4	631.8	287.8	120.85	85.275	588.4	585.65	402.45	0
228	385.9	106.4	581.8	334.2	195.325	79.5125	436.2	592.6	211.85	0
230	618.4	99.8	462.8	301.05	152.25	78.65	628.1	608.25	524.85	595.775
231	731.5	99.8	601.6	255.05	104.325	73.65	403.4	557.5	540.975	0
233	784.8	99.8	673.1	413.9	109.3	67.8625	389.6	506.6	548.875	0
234	758.5	99.8	628.3	291.5	163.9	117.5375	462.3	641.8	619.175	0
236	99.8	99.8	588.3	321	120.925	76.95	410	616.3	423.475	0.825
237	658	99.8	608.3	105.95	140.625	81.1375	324.7	589.25	600.7	0.825
239	598.6	99.8	606	96	120.875	80.2875	224.9	615.95	601.875	1.65
241	745.2	99.8	390.1	66.2	39.75	94.35	331.1	593	615.4	0
243	99.8	99.8	495.3	79.55	163.75	88.55	271.6	559.9	494.3	0
244	751.6	99.8	436.3	86.05	144.025	105.9125	225.3	575.7	555.75	0.825
246	658.2	99.8	396.3	145.75	135.7	92.75	53	558.6	574.8	1.65
247	585.4	99.8	317.7	152.15	145.75	113.35	46.4	592.5	596.275	0.825
249	725.2	106.5	211.7	192.1	145.675	105.2	33.1	546.15	598.925	0
251	585.2	99.8	212	43	188.775	102.65	72.8	601.45	566.9	0
253	778	99.8	158.8	86.15	144.075	105.9625	39.8	566.2	574.5	0.825
254	645	99.8	178.7	86.15	149.075	114.275	13.3	562.1	589.05	0
256	578.5	99.8	238.1	46.35	33.125	109.225	59.6	641.8	521.25	0
257	99.8	99.8	99.4	79.45	122.5	28.9875	39.8	609.75	579.2	0.825
259	705.2	99.8	79.5	79.5	135.85	120.9	53	565.85	607.625	0.825
261	751.3	99.8	59.6	29.8	109.3	22.375	46.3	553.05	565.375	0.825
263	577.6	99.8	125.9	109.3	155.575	36.4375	0	562.8	587.025	0
264	99.8	99.8	92.6	19.9	152.275	151.5	26.5	595.15	261.35	583.2
266	591.9	99.8	86	0	186.725	148.9875	0	546.05	185.475	597.675
267	738.1	99.8	59.6	6.6	195.4	119.975	0	546.15	304.025	0.825
269	705.2	99.8	52.9	3.3	147.3	113.3625	0	377.05	623.475	460.9625
271	99.8	99.8	92.6	3.3	130.85	117.5375	0	602.1	526.425	596.25
273	704.8	99.8	59.6	3.3	221.325	67.9125	0	602.95	616.575	0.825
275	259.3	99.8	92.8	6.6	165.325	80.2875	0	273.3	615.55	1.65
277	671.6	99.8	0	3.3	191.95	62.1	0	560.3	599.925	0.825
278	711.8	99.8	0	0	223.025	95.2125	0	557.5	613.625	565.6375
280	744.1	99.8	0	0	180.375	88.55	0	506.6	620.625	0
281	731.3	99.8	6.6	3.3	190.3	28.975	0	664.8	608.65	0
283	698.6	99.8	0	0	204.925	58.7875	0	548.25	539.925	0.825
285	492.3	99.8	0	3.3	223.475	66.2375	0	707.8	474.275	589.85
286	632	99.8	0	0	196.7	57.9625	0	608.75	628.95	0
288	665	99.8	0	0	197.125	57.925	0	446.45	535.675	0
290	765.1	99.8	0	0	149.05	49.6875	0	552.5	631.4	0.825
292	711.2	99.8	0	0	197.075	53.8125	0	572.95	554.6	0.825
294	691.9	99.8	0	0	170.45	28.9875	0	394.1	634.025	0.825
296	99.8	99.8	0	0	218.425	48.8625	0	401.1	613.6	0
298	764.9	99.8	0	0	221.675	22.375	0	400	605.35	563.2625
300	585	99.8	0	0	165.45	36.4375	0	566.2	627.825	510.85
302	578.8	106.4	0	0	201.925	11.5875	0	380.9	616.7	0
304	644.8	99.8	0	0	173.725	4.9625	0	609.75	630.775	0
306	498.5	106.4	0	0	205.3	64.575	0	565.85	597.8	0.825
308	366	99.8	0	0	195.325	18.2125	0	384	627.175	0
310	99.8	99.8	0	0	144.1	28.975	0	562.8	627.05	605.0125
312	99.8	99.8	0	0	89.425	14.075	0	602.4	607.75	615.25
314	99.8	99.8	0	3.3	108.7	22.325	0	583.7	618.8	603.6
316	99.8	99.8	0	0	120.925	13.25	0	740.85	604.3	0.825
317	99.8	99.8	6.6	0	124.225	28.975	0	273.95	615.175	1.65
319	99.8	99.8	0	0	107.65	0.825	0	549.45	589.175	598.35
321	99.8	99.8	0	0	39.75	24.0375	0	459.6	311.925	594.125
323	99.8	99.8	0	0	54.675	3.3	0	582.6	612.875	0
325	99.8	99.8	0	0	74.55	14.9	0	539.75	610.75	0.825
327	99.8	99.8	0	3.3	44.7	31.4625	0	582.8	612.025	1.65
329	99.8	99.8	0	0	13.25	63.775	0	598.05	539.7	0
331	0	99.8	0	0	36.45	5.8	0	707.8	622.25	0
333	20	99.8	0	0	23.2	0.825	0	584.85	601.425	1.65
335	99.8	99.8	0	0	41.4	0	0	584.7	585.4	0.825
337	2.9	99.8	0	0	26.5	0.825	0	592.3	620.475	348.425
338	99.8	99.8	0	3.3	21.525	0	0	377.35	483.05	2.475
340	99.8	99.8	0	6.65	19.85	0	0	536.2	536.375	260.625
342	99.8	99.8	0	3.3	18.2	11.6	0	588.4	609.2	0
344	106.4	106.4	0	3.3	18.2	14.9	0	400	619.175	139
346	99.8	99.8	6.6	0	14.875	0	0	397.55	636.475	0
347	0	99.8	0	0	4.975	0	0	400	632.425	61.3
349	99.8	99.8	0	3.3	1.65	0.825	0	380.9	542.55	0.825
351	0	99.8	0	0	0	0.825	0	400	562.55	0
353	99.8	99.8	0	0	1.65	0.825	0	400	575	0
355	0	99.8	0	0	1.65	0	0	400	627.2	0
357	99.8	99.8	0	6.65	1.65	12.4	0	476.7	634.15	0
359	0	99.8	0	0	0	0.825	0	602.4	610.475	0
361	46.6	99.8	0	0	0	0.825	0	393.9	511.525	0
363	6.7	99.8	0	3.3	1.65	0.825	0	572.55	531.475	2.475
365	99.7	99.7	0	0	1.65	0.825	0	582.2	609.175	0
367	0	99.8	0	0	1.65	0.825	0	400	617.9	0.825
369	0	99.8	0	6.65	0	3.3	0	574.9	373.925	0
371	6.6	99.8	0	0	1.65	0	0	539.75	453.6	0
373	6.7	99.8	0	0	0	0	0	553.2	657.525	1.65
374	99.8	99.8	0	0	0	0	0	400	625.175	0
376	0	99.8	0	0	0	2.4875	0	704.35	607.5	0.825
378	59.9	99.8	0	6.65	0	0	0	691.35	628.325	0.825
380	99.8	106.4	6.6	0	0	0	0	605.45	617.375	0.825
381	99.8	99.8	6.6	0	0	0	0	542.75	633.6	1.65
